[engine.0]
accumulated_time=121.020716
accumulated_time_hobbs=121.494447
