[engine.0]
accumulated_time=102.602519
accumulated_time_hobbs=102.978316
