[engine.0]
accumulated_time=78.412449
accumulated_time_hobbs=80.705085
